linear: f = 0.5394688644688641 * x + 0.7892490842490859
polinomialnaya f= 0.051490176490177134 * x^2 + 0.14814352314351759 * x + 1.273256743256752
EXP f = 1.2149268914917373 *e^(x*0.1979394416681114)
LOG:1.0237204176988215 *ln(x) +1.7991731729699394
POWERLAN: 1.70448710397406 * x^ 0.40709288895236506
Вид F(x) | Линейная | Полиномиальная | Экспотенциальная | Логарифмическая | Степенная
-------------------------------------------------------------------------------------
0.2 1.25   0,89714         1,30495           1,26399          0,15156        0,88521
0.8 1.41   1,22082         1,42473           1,42338          1,57074        1,55648
1.4 1.59   1,54451         1,58158           1,60288          2,14363        1,95471
2.0 1.82   1,86819         1,77550           1,80500          2,50876        2,26017
2.6 2.13   2,19187         2,00650           2,03262          2,77735        2,51493
3.2 2.27   2,51555         2,27458           2,28894          2,98991        2,73676
3.8 2.56   2,83923         2,57972           2,57759          3,16584        2,93508
4.4 2.89   3,16291         2,92194           2,90263          3,31592        3,11558
5.0 3.27   3,48659         3,30123           3,26866          3,44679        3,28201
5.6 3.69   3,81027         3,71759           3,68085          3,56280        3,43697
6.2 4.15   4,13396         4,17103           4,14502          3,66700        3,58237
6.8 4.57   4,45764         4,66154           4,66773          3,76157        3,71965
7.4 5.31   4,78132         5,18912           5,25634          3,84813        3,84992
-------------------------------------------------------------------------------------
   S       0,73503         0,04714           0,02362          6,57045        4,28018
-------------------------------------------------------------------------------------
   δ       0,23778         0,06022           0,04262          0,71093        0,57380
-------------------------------------------------------------------------------------
   a       0,53947         0,05149           0,19468          1,79917        0,53326
-------------------------------------------------------------------------------------
   b       0,78925         0,14814           0,19794          1,02372        0,40709
-------------------------------------------------------------------------------------
   c       0,00000         1,27326           0,00000          0,00000        0,00000
-------------------------------------------------------------------------------------
Наилучшая аппроксимирующая функция:
F(x)= 1.70448710397406 * x^ 0.40709288895236506